206 215
206 352
206 490
206 628
206 766
206 903
206 1041
206 1178
206 1316
206 1454
206 1592
206 1729
347 215
347 352
347 490
347 628
347 766
347 903
347 1041
347 1178
347 1316
347 1454
347 1592
347 1729
488 215
488 352
488 490
488 628
488 766
488 903
488 1041
488 1178
488 1316
488 1454
488 1592
488 1729
628 215
628 352
628 490
628 628
628 766
628 903
628 1041
628 1178
628 1316
628 1454
628 1592
628 1729
769 215
769 352
769 490
769 628
769 766
769 903
769 1041
769 1178
769 1316
769 1454
769 1592
769 1729
910 215
910 352
910 490
910 628
910 766
910 903
910 1041
910 1178
910 1316
910 1454
910 1592
910 1729
1050 215
1050 352
1050 490
1050 628
1050 766
1050 903
1050 1041
1050 1178
1050 1316
1050 1454
1050 1592
1050 1729
1191 215
1191 352
1191 490
1191 628
1191 766
1191 903
1191 1041
1191 1178
1191 1316
1191 1454
1191 1592
1191 1729
1332 215
1332 352
1332 490
1332 628
1332 766
1332 903
1332 1041
1332 1178
1332 1316
1332 1454
1332 1592
1332 1729
1472 215
1472 352
1472 490
1472 628
1472 766
1472 903
1472 1041
1472 1178
1472 1316
1472 1454
1472 1592
1472 1729
1613 215
1613 352
1613 490
1613 628
1613 766
1613 903
1613 1041
1613 1178
1613 1316
1613 1454
1613 1592
1613 1729
1754 215
1754 352
1754 490
1754 628
1754 766
1754 903
1754 1041
1754 1178
1754 1316
1754 1454
1754 1592
1754 1729